0.679026 0.310663
0.681300 0.310447
0.682618 0.310138
0.683466 0.310067
0.683405 0.309680
0.684141 0.309595
0.684023 0.309407
0.684398 0.309250
0.180946 0.708354
0.178696 0.713571
0.178275 0.715074
0.178294 0.716533
0.178951 0.716012
0.179208 0.716509
0.179927 0.716180
0.180659 0.715762
0.148282 0.035801
0.147612 0.034784
0.147592 0.034679
0.147443 0.034475
0.147412 0.034486
0.147440 0.035086
0.147039 0.036613
0.146820 0.037744
0.445837 0.411347
0.444857 0.410977
0.444008 0.410181
0.443230 0.409562
0.442792 0.409122
0.442511 0.408903
0.442293 0.408624
0.441911 0.408204
