0.683323 0.304163
0.687977 0.303438
0.689589 0.302847
0.689902 0.303087
0.689592 0.302834
0.690677 0.302291
0.691244 0.302937
0.690944 0.302826
0.180347 0.691645
0.170666 0.692107
0.166797 0.690635
0.167479 0.690482
0.164062 0.688569
0.166061 0.688164
0.165032 0.688505
0.165784 0.687350
0.153916 0.026407
0.153914 0.024478
0.154203 0.024172
0.153634 0.025086
0.153831 0.024673
0.153741 0.024670
0.153280 0.026157
0.152823 0.027026
0.319690 0.336046
0.317711 0.331137
0.317455 0.332114
0.317341 0.326832
0.316278 0.326582
0.318056 0.333690
0.316010 0.323451
0.318346 0.331109
